1546123373209702400
1546123098818285568
1546122777463234561
1546122578770956289
1546122112322224131
1546121906235052032
1546121771098800128
1546122480246558720
1546121943862378497
1546120938747469824
1546120556482682880
1546120054076592136
1546120639345557505
1546119578643824641
1546120915284643840
1546119538370043904
1546119242453590017
1546119818029441025
1546118889414729730
1546119323160399874
1546123813573861376
1546123863838396422
1546123708108083201
1546123708091219968
1546123708087128064
1546123708078637058
1546123708070248448
1546123708036775937
1546123708099661825
1546123916548395009
1546123959179116545
1546123959153967104
1546123959153876998
1546123959141277699
1546124126875783168
1546124071796097024
1546124268638859265
1546124341472923648
1546124342551089152
1546124427309584385
1546125226152534017
1546125113489326089
1546124975865839616
1546124952398692352
1546125088659017728
1546125813719900162
1546125729771171842
1546125597210034176
1546125558538309633
1546124875097595905
1546124696315432960
1546124284179156992
1546125664197165057
1546123796574265345
1546124274947203074
1546123166874869760
1546122439444381696
1546122737013383169
1546121204255412226
1546122202847780864
1546123216787210243
1546121006045138947
1546120991918772224
1546120970716471296
1546120904182317057
1546120670442029056
1546120157743185920
1546120139288223744
1546120054407831554
1546119985491283969
1546119982358183937
1546119613259317248
1546119461568188417
1546119414508097536
1546126351329120258
1546126343724998656
1546126212338446336
1546126101268910083
1546126182885851138
1546126261642268672
1546126101256314880
1546126101268799488
1546126101235351558
1546126101231050754
1546126101218484225
1546126101210173440
1546126101243740161
1546126101210079234
1546126101193408514
1546126101193392130
1546126101176586242
1546126101163933698
1546126382090027008
1546126382064967685
1546126382052278272
1546126515682717698
1546126503867518977
1546126470833213440
1546126781907980288
1546126765445242880
1546127982649135104
1546128038575890434
1546128129151868932
1546128218616655873
1546128467024089093
1546128542404120576
1546128442940624898
1546129518720880641
1546129222543876096
1546129217368326146
1546129419005476875
1546130179088650240
1546130096985362433
1546138889378725888
1546138930986336260
1546138715474407425
1546138562449784833
1546138650504826880
1546140484091150336
1546140345687228418
1546140195208175618
1546140343632027648
1546140396492832768
1546141733456838656
1546141636597620736
1546141706885955585
1546141684450623489
1546141668126371840
1546142997380751361
1546142919106641920
1546142891533287426
1546142874273816585
1546142816362954754
1546144262680485888
1546143645606113281
1546143485715435520
1546145375630786564
1546145293296705536
1546144287687057410
1546144588389240832
1546146129779326976
1546146048921436168
1546145540316008450
1546146023315226626
1546146088184434689
1546148037986119680
1546147721521909761
1546147841776697344
1546147679369052161
1546147793370333188
1546149279751888898
1546149085622595584
1546148785100795904
1546149110083977217
1546148878218559492
1546156539853131777
1546156432361398272
1546156590973198336
1546156963150680069
1546157152342904832
1546157487107280896
1546157451128770560
1546157445969592322
1546157868864323584
1546158246427299840
1546158623675621377
1546158788390125568
1546158978568159235
1546158976441663489
1546159115394744326
1546159212543315968
1546159329329528832
1546159648247615495
1546159773820882945
1546160018063605761
1546160059318681600
1546160032252694529
1546160111457935360
1546161382273474562
1546161404008349701
1546161323100278786
1546161653019967488
1546161616814841857
1546161700914843650
1546162123318910977
1546162162955067395
1546162292386963456
1546161006870675462
1546163413889748992
1546163438170300416
1546163605829169152
1546163689895624710
1546163850176860161
1546163925217067009
1546163941952393219
1546164118176301057
1546164193686159360
1546164302926733314
1546164361785401346
1546164511501037573
1546164529670696961
1546165429005058048
1546165452929437697
1546165590238212101
1546165656768626688
1546165777576910848
1546165704835178496
1546165788628983810
1546165918119649281
1546165956577206272
1546166067273162752
1546166124508749825
1546167204529557504
1546167074174947328
1546166919291719681
1546167510835363841
1546168970327228416
1546169173889261568
1546169207381016584
1546169357675503618
1546169375065100288
1546169621178351616
1546169560486842370
1546169642309271552
1546169626765180929
1546169734630182913
1546170031809110017
1546170018005647362
1546169988020523008
1546170046539497472
1546170094082048002
1546170062058541058
1546170293781159939
1546170374068604930
1546170320737951744
1546170352690159616
1546170449788297218
1546170431904034816
1546170382713069568
1546170383136587777
1546170488921235462
1546170469975482369
1546170550367707139
1546170813996572674
1546170886188933122
1546171016644333568
1546171014509662209
1546171011086929920
1546171195275493382
1546171343749599232
1546171431897407488
1546171738597183488
1546171734872563714
1546171782201311234
1546171767554809858
1546171921229877253
1546171915118977026
1546171901621506048
1546171934110539778
1546172045859426305
1546172106240626688
1546172340219760640
1546172542754308096
1546172937392226304
1546173041276862466
1546174500819156992
1546174752368508929
1546174795934736384
1546175092605976580
1546175342557159424
1546175610191486976
1546175758565089281
1546175885019168768
1546176322736738304
1546176341514588160
1546176532904923136
1546176750681735168
1546176903303888901
1546176930130567168
1546177129452281857
1546177234628640770
1546177244741124096
1546177423263285249
1546177496768561153
1546179211085418497
1546179243025043462
1546179369999147010
1546179624354578432
1546179665961811968
1546179704742354944
1546179847818551296
1546179913128050688
1546179959634419716
1546180240547819520
1546180327034560513
1546180627820601346
1546181072546926593
1546181769141129218
1546181829409050630
1546181913223766018
1546182090340929536
1546182102282035200
1546182186218446849
1546182270473703424
1546182398060236802
1546182438426140672
1546182671499513857
1546182726688161799
1546182896360333312
1546183078187601921
1546183212644257792
1546183309595754496
